
-1 0 0 -64.66 -0.99 5.80978e+008 3.39195e+008 35762.4
-1 64.51 0.77 -1.42109e-014 -0.02 5.81765e+008 3.39197e+008 37854.2
0 6.88 60.85 -58.03 59.92 5.81068e+008 3.39936e+008 41000
-1 35.02 2 -29.79 1.13 5.81404e+008 3.39215e+008 41756.8
1 63.61 52.93 -1.3 52.33 5.81759e+008 3.39832e+008 43743
5 -7.54 -37.83 -72.15 -38.81 5.80881e+008 3.38736e+008 35600
6 -3.56 -50.19 -70.38 -51.2 5.80933e+008 3.38609e+008 83200
-1 39.7 -21.33 -24.73 -22.24 5.8146e+008 3.3893e+008 34386
7 66.83 -42.54 2.47 -43.5 5.81789e+008 3.38666e+008 32741
