92 5.81766e+008 3.39196e+008 35944.7 -357305 -44047.4 73.6734
93 5.82558e+008 3.39195e+008 30027 434069 -45276.5 -5843.98
2011 5.82237e+008 3.39226e+008 43892.2 113446 -13597.7 8021.17
2118 5.82164e+008 3.38708e+008 32732.3 40044 -531854 -3138.66
92 5.81766e+008 3.39196e+008 35553.1 -107.428 -159.995 -391.567
93 5.82558e+008 3.39195e+008 30347.1 -131.518 62.0053 320.029
2011 5.82237e+008 3.39225e+008 45233.9 -129.208 -899.472 1341.73
2118 5.82164e+008 3.38708e+008 33062.4 -114.12 -76.1389 330.016
92 5.81766e+008 3.39196e+008 35320.7 -57.4541 39.0202 -232.421
93 5.82558e+008 3.39195e+008 30278.7 44.82 25.3923 -68.3756
2011 5.82237e+008 3.39225e+008 45591.3 -84.7261 -114.726 357.426
2118 5.82163e+008 3.38708e+008 33253.3 -67.7367 -2.27512 190.931
92 5.81766e+008 3.39196e+008 35199.8 -28.7585 21.1902 -120.836
93 5.82558e+008 3.39195e+008 30163.7 67.7716 19.0366 -114.929
2011 5.82237e+008 3.39225e+008 45828.3 -82.6357 -8.22163 236.99
2118 5.82163e+008 3.38708e+008 33470.5 -75.2281 -11.3269 217.224
92 5.81766e+008 3.39196e+008 35133.6 -13.014 0.448705 -66.2741
93 5.82558e+008 3.39195e+008 30027.1 80.869 19.8233 -136.617
2011 5.82237e+008 3.39225e+008 46080.9 -94.6721 7.96135 252.609
2118 5.82163e+008 3.38708e+008 33737.6 -88.1737 -10.5595 267.063
92 5.81766e+008 3.39196e+008 35090.3 -5.70214 -12.0846 -43.2288
93 5.82558e+008 3.39195e+008 29867.3 95.0785 22.5015 -159.806
2011 5.82237e+008 3.39225e+008 46374.8 -110.995 11.3856 293.86
2118 5.82163e+008 3.38708e+008 34058.7 -103.828 -9.63714 321.12
92 5.81766e+008 3.39196e+008 35054.6 -2.67777 -19.5096 -35.7723
93 5.82558e+008 3.39195e+008 29679.3 112.041 26.1212 -188.021
2011 5.82236e+008 3.39225e+008 46719.6 -130.406 13.56 344.794
2118 5.82163e+008 3.38708e+008 34438.7 -122.113 -9.30675 380.056
92 5.81766e+008 3.39196e+008 35018.3 -1.81661 -24.4287 -36.2296
93 5.82558e+008 3.39195e+008 29457.3 132.251 30.4919 -222.039
2011 5.82236e+008 3.39225e+008 47123.5 -153.047 16.1319 403.964
2118 5.82163e+008 3.38708e+008 34884.9 -143.354 -9.19148 446.112
92 5.81766e+008 3.39196e+008 34977.1 -2.19159 -28.1292 -41.2732
93 5.82558e+008 3.39195e+008 29194.7 156.181 35.5868 -262.598
2011 5.82236e+008 3.39225e+008 47595.6 -179.296 19.3353 472.084
2118 5.82163e+008 3.38708e+008 35405.9 -167.95 -8.92412 521.054
92 5.81766e+008 3.39196e+008 34927.4 -3.47409 -31.1164 -49.6746
93 5.82558e+008 3.39195e+008 28884 184.415 41.4156 -310.692
2011 5.82236e+008 3.39225e+008 48145.8 -209.589 23.2413 550.15
2118 5.82163e+008 3.38708e+008 36012.1 -196.315 -8.19819 606.208
92 5.81766e+008 3.39196e+008 34866.2 -5.6346 -33.4907 -61.2357
93 5.82559e+008 3.39195e+008 28516.4 217.657 47.9801 -367.571
2011 5.82236e+008 3.39225e+008 48784.9 -244.367 27.9187 639.122
2118 5.82162e+008 3.38708e+008 36714.7 -228.865 -6.71513 702.591
92 5.81766e+008 3.39196e+008 34789.8 -8.80678 -35.1376 -76.3164
93 5.82559e+008 3.39195e+008 28081.7 256.735 55.2463 -434.733
2011 5.82235e+008 3.39225e+008 49524.7 -284.054 33.4348 739.837
2118 5.82162e+008 3.38708e+008 37525.6 -265.989 -4.14813 810.925
92 5.81766e+008 3.39196e+008 34694.2 -13.2275 -35.8211 -95.6399
93 5.82559e+008 3.39195e+008 27567.7 302.605 63.1183 -513.928
2011 5.82235e+008 3.39225e+008 50377.7 -329.02 39.8349 852.914
2118 5.82162e+008 3.38708e+008 38457.2 -308.023 -0.128046 931.576
92 5.81766e+008 3.39195e+008 34574 -19.2083 -35.2373 -120.225
93 5.8256e+008 3.39195e+008 26960.6 356.357 71.4098 -607.162
2011 5.82235e+008 3.39226e+008 51356.3 -379.535 47.1136 978.637
2118 5.82161e+008 3.38708e+008 39521.6 -355.2 5.75163 1064.43
92 5.81766e+008 3.39195e+008 34422.6 -27.1172 -33.0588 -151.375
93 5.8256e+008 3.39195e+008 26243.9 419.207 79.8163 -716.685
2011 5.82234e+008 3.39226e+008 52473.1 -435.711 55.183 1116.81
2118 5.82161e+008 3.38708e+008 40730.4 -407.595 13.9099 1208.71
92 5.81766e+008 3.39195e+008 34231.9 -37.3572 -28.9837 -190.682
93 5.8256e+008 3.39195e+008 25398.9 492.484 87.8906 -844.954
2011 5.82234e+008 3.39226e+008 53739.7 -497.428 63.8358 1266.56
2118 5.82161e+008 3.38708e+008 42093.2 -465.054 24.73 1362.82
92 5.81766e+008 3.39195e+008 33991.9 -50.3375 -22.794 -240.037
93 5.82561e+008 3.39195e+008 24404.4 577.576 95.0305 -994.53
2011 5.82233e+008 3.39226e+008 55165.8 -564.251 72.7106 1426.18
2118 5.8216e+008 3.38708e+008 43617.3 -527.102 38.4849 1524.09
92 5.81766e+008 3.39195e+008 33690.3 -66.4309 -14.4225 -301.61
93 5.82562e+008 3.39195e+008 23236.5 675.839 100.489 -1167.9
2011 5.82232e+008 3.39226e+008 56758.7 -635.329 81.2664 1592.88
2118 5.82159e+008 3.38708e+008 45305.9 -592.855 55.2374 1688.59
92 5.81766e+008 3.39195e+008 33312.5 -85.9166 -4.01466 -377.804
93 5.82562e+008 3.39196e+008 21869.3 788.438 103.417 -1367.17
2011 5.82232e+008 3.39226e+008 58521.3 -709.304 88.7793 1762.62
2118 5.82159e+008 3.38708e+008 47156.9 -660.923 74.7211 1850.99
92 5.81766e+008 3.39195e+008 32841.3 -108.911 8.02485 -471.125
93 5.82563e+008 3.39196e+008 20275.8 916.095 102.953 -1593.59
2011 5.82231e+008 3.39226e+008 60451.3 -784.231 94.3739 1929.98
2118 5.82158e+008 3.38708e+008 49161.3 -729.331 96.2205 2004.49
92 5.81766e+008 3.39195e+008 32257.4 -135.292 21.028 -583.979
93 5.82564e+008 3.39196e+008 18428.8 1058.74 98.349 -1846.94
2011 5.8223e+008 3.39226e+008 62539.5 -857.528 97.1029 2088.14
2118 5.82157e+008 3.38708e+008 51302.3 -795.484 118.483 2140.93
92 5.81765e+008 3.39195e+008 31539 -164.628 34.1151 -718.328
93 5.82566e+008 3.39196e+008 16304.1 1215.09 89.1328 -2124.73
2011 5.82229e+008 3.39226e+008 64768.5 -926.007 96.0773 2229.07
2118 5.82156e+008 3.38708e+008 53553.4 -856.201 139.7 2251.14
92 5.81765e+008 3.39195e+008 30663.8 -196.133 46.3129 -875.232
93 5.82567e+008 3.39196e+008 13882.7 1382.14 75.2677 -2421.34
2011 5.82228e+008 3.39226e+008 67112.5 -985.994 90.6359 2343.97
2118 5.82155e+008 3.38709e+008 55879.1 -907.858 157.606 2325.66
92 5.81765e+008 3.39196e+008 29609.5 -228.658 56.7286 -1054.28
93 5.82569e+008 3.39196e+008 11155.4 1554.75 57.2693 -2727.37
2011 5.82227e+008 3.39226e+008 69536.5 -1033.58 80.5283 2424.02
2118 5.82155e+008 3.38709e+008 58234.8 -946.664 169.726 2355.68
92 5.81765e+008 3.39196e+008 28356.5 -260.756 64.7418 -1253
93 5.8257e+008 3.39196e+008 8126.06 1725.46 36.2311 -3029.31
2011 5.82226e+008 3.39226e+008 71998 -1065.05 66.0632 2461.48
2118 5.82154e+008 3.38709e+008 60569.2 -969.081 173.76 2334.4
92 5.81764e+008 3.39196e+008 26890.1 -290.807 70.1585 -1466.41
93 5.82572e+008 3.39196e+008 4816 1884.7 13.7242 -3310.06
2011 5.82225e+008 3.39226e+008 74448.9 -1077.32 48.1676 2450.93
2118 5.82153e+008 3.38709e+008 62827.5 -972.344 168.05 2258.38
92 5.81764e+008 3.39196e+008 25203.3 -317.202 73.2644 -1686.85
93 5.82574e+008 3.39196e+008 1265.6 2021.55 -8.42822 -3550.4
2011 5.82224e+008 3.39226e+008 76839.4 -1068.57 28.312 2390.45
2118 5.82152e+008 3.38709e+008 64956.2 -954.987 152.02 2128.66
92 5.81764e+008 3.39196e+008 23298.9 -338.561 74.7445 -1904.4
93 5.82576e+008 3.39196e+008 -2465.81 2125.14 -28.4549 -3731.41
2011 5.82223e+008 3.39226e+008 79121.8 -1038.58 8.29502 2282.41
2118 5.82151e+008 3.38709e+008 66907.5 -917.24 126.428 1951.3
92 5.81763e+008 3.39196e+008 21191.1 -353.905 75.4775 -2107.72
93 5.82579e+008 3.39196e+008 -6303.26 2186.3 -44.9401 -3837.45
2011 5.82222e+008 3.39226e+008 81255.3 -988.977 -10.0777 2133.47
2118 5.8215e+008 3.38709e+008 68644.4 -861.153 93.3314 1736.89
92 5.81763e+008 3.39196e+008 18905.8 -362.768 76.28 -2285.39
93 5.82581e+008 3.39196e+008 -10162.2 2199.23 -57.0342 -3858.94
2011 5.82221e+008 3.39226e+008 83209 -923.028 -25.3252 1953.74
2118 5.82149e+008 3.3871e+008 70143.6 -790.365 55.7378 1499.2
92 5.81763e+008 3.39196e+008 16478.4 -365.197 77.6891 -2427.4
93 5.82583e+008 3.39196e+008 -13956.4 2162.62 -64.5198 -3794.15
2011 5.8222e+008 3.39226e+008 84964.2 -845.178 -36.5373 1755.24
2118 5.82148e+008 3.3871e+008 71396.7 -709.571 17.0413 1253.13
92 5.81762e+008 3.39196e+008 13952 -361.67 79.8594 -2526.39
93 5.82585e+008 3.39196e+008 -17605.7 2079.77 -67.7307 -3649.32
2011 5.82219e+008 3.39226e+008 86514.3 -760.36 -43.4623 1550.09
2118 5.82148e+008 3.3871e+008 72409.3 -623.803 -19.5821 1012.59
92 5.81762e+008 3.39196e+008 11373.6 -352.954 82.591 -2578.39
93 5.82587e+008 3.39196e+008 -21042.9 1957.9 -67.376 -3437.27
2011 5.82219e+008 3.39226e+008 87863.2 -673.302 -46.4293 1348.85
2118 5.82147e+008 3.38709e+008 73198.2 -537.756 -51.6408 788.859
92 5.81762e+008 3.39196e+008 8790.59 -339.962 85.4543 -2583
93 5.82589e+008 3.39196e+008 -24217.9 1806.76 -64.3368 -3174.98
2011 5.82218e+008 3.39226e+008 89022.7 -588.002 -46.1588 1159.54
2118 5.82147e+008 3.38709e+008 73787.9 -455.285 -77.5644 589.719
92 5.81761e+008 3.39196e+008 6247.61 -323.634 87.9447 -2542.98
93 5.8259e+008 3.39196e+008 -27098.7 1636.97 -59.496 -2880.78
2011 5.82218e+008 3.39226e+008 90010 -507.443 -43.5416 987.29
2118 5.82146e+008 3.38709e+008 74207.2 -379.165 -96.7081 419.34
92 5.81761e+008 3.39196e+008 3784.09 -304.856 89.6136 -2463.52
93 5.82592e+008 3.39196e+008 -29670.8 1458.7 -53.6271 -2572.07
2011 5.82217e+008 3.39226e+008 90844.6 -433.55 -39.4528 834.57
2118 5.82146e+008 3.38709e+008 74486 -311.072 -109.197 278.787
92 5.81761e+008 3.39197e+008 1432.74 -284.42 90.1496 -2351.35
93 5.82593e+008 3.39196e+008 -31934.4 1280.62 -47.3417 -2263.61
2011 5.82217e+008 3.39226e+008 91546.4 -367.318 -34.6321 701.787
2118 5.82146e+008 3.38709e+008 74652.8 -251.732 -115.694 166.795
92 5.8176e+008 3.39197e+008 -781.167 -263.007 89.4034 -2213.91
93 5.82594e+008 3.39195e+008 -33901.3 1109.46 -41.0831 -1966.87
2011 5.82217e+008 3.39226e+008 92134.3 -309.016 -29.6357 587.956
2118 5.82146e+008 3.38709e+008 74733.4 -201.143 -117.169 80.5875
92 5.8176e+008 3.39197e+008 -2839.82 -241.196 87.3742 -2058.65
93 5.82595e+008 3.39195e+008 -35591.1 949.919 -35.1454 -1689.8
2011 5.82216e+008 3.39226e+008 92625.6 -258.415 -24.8369 491.303
2118 5.82145e+008 3.38709e+008 74750 -158.808 -114.701 16.6132
92 5.8176e+008 3.39197e+008 -4732.32 -219.463 84.1759 -1892.51
93 5.82596e+008 3.39195e+008 -37028.4 804.845 -29.7028 -1437.29
2011 5.82216e+008 3.39226e+008 93035.4 -214.98 -20.4553 409.734
2118 5.82145e+008 3.38709e+008 74721.1 -123.936 -109.345 -28.9125
92 5.8176e+008 3.39197e+008 -6453.94 -198.2 79.996 -1721.61
93 5.82597e+008 3.39195e+008 -38240 675.582 -24.8413 -1211.66
2011 5.82216e+008 3.39226e+008 93376.5 -178.018 -16.596 341.141
2118 5.82145e+008 3.38709e+008 74661.5 -95.6011 -102.041 -59.6242
92 5.8176e+008 3.39197e+008 -8005.03 -177.716 75.0592 -1551.1
93 5.82597e+008 3.39195e+008 -39253.3 562.332 -20.5845 -1013.3
2011 5.82216e+008 3.39226e+008 93660.1 -146.783 -13.286 283.566
2118 5.82145e+008 3.38709e+008 74582.7 -72.855 -93.5767 -78.7957
92 5.81759e+008 3.39197e+008 -9390.09 -158.251 69.5976 -1385.06
93 5.82598e+008 3.39195e+008 -40094.6 464.505 -16.9166 -841.286
2011 5.82216e+008 3.39226e+008 93895.3 -120.54 -10.5049 235.289
2118 5.82145e+008 3.38708e+008 74493.4 -54.7945 -84.5763 -89.2324
92 5.81759e+008 3.39197e+008 -10616.7 -139.98 63.8306 -1226.6
93 5.82598e+008 3.39195e+008 -40788.4 381.008 -13.7972 -693.834
2011 5.82216e+008 3.39226e+008 94090.2 -98.5993 -8.206 194.834
2118 5.82145e+008 3.38708e+008 74400.2 -40.6015 -75.5078 -93.2548
92 5.81759e+008 3.39197e+008 -11694.6 -123.024 57.9526 -1077.94
93 5.82598e+008 3.39195e+008 -41357.1 310.472 -11.1735 -568.679
2011 5.82215e+008 3.39226e+008 94251.1 -80.3369 -6.33133 160.958
2118 5.82145e+008 3.38708e+008 74307.5 -29.5591 -66.7058 -92.7253
92 5.81759e+008 3.39197e+008 -12635.1 -107.449 52.1258 -940.493
93 5.82599e+008 3.39195e+008 -41820.5 251.417 -8.98767 -463.362
2011 5.82215e+008 3.39226e+008 94383.8 -65.1978 -4.82102 132.62
2118 5.82145e+008 3.38708e+008 74218.3 -21.0553 -58.3936 -89.101
92 5.81759e+008 3.39197e+008 -13450.2 -93.2823 46.48 -815.036
93 5.82599e+008 3.39195e+008 -42195.9 202.367 -7.18186 -375.411
2011 5.82215e+008 3.39226e+008 94492.7 -52.6973 -3.61723 108.949
2118 5.82145e+008 3.38708e+008 74134.9 -14.5773 -50.7067 -83.4936
92 5.81759e+008 3.39197e+008 -14152 -80.5118 41.1126 -701.814
93 5.82599e+008 3.39195e+008 -42498.3 161.917 -5.70113 -302.464
2011 5.82215e+008 3.39226e+008 94581.9 -42.415 -2.66771 89.2136
2118 5.82145e+008 3.38708e+008 74058.1 -9.70091 -43.7161 -76.7373
92 5.81759e+008 3.39197e+008 -14752.6 -69.0978 36.0918 -600.669
93 5.82599e+008 3.39195e+008 -42740.7 128.777 -4.49554 -242.341
2011 5.82215e+008 3.39226e+008 94654.7 -33.9896 -1.92688 72.7986
2118 5.82145e+008 3.38708e+008 73988.7 -6.08 -37.4445 -69.44
92 5.81759e+008 3.39197e+008 -15263.8 -58.9778 31.4608 -511.14
93 5.82599e+008 3.39195e+008 -42933.8 101.793 -3.52035 -193.077
2011 5.82215e+008 3.39226e+008 94713.9 -27.1126 -1.35521 59.1823
2118 5.82145e+008 3.38708e+008 73926.6 -3.43481 -31.8814 -62.0343
92 5.81759e+008 3.39197e+008 -15696.3 -50.0727 27.2419 -432.555
93 5.82599e+008 3.39195e+008 -43086.7 79.9502 -2.73649 -152.935
2011 5.82215e+008 3.39226e+008 94761.8 -21.5218 -0.919389 47.9228
2118 5.82145e+008 3.38708e+008 73871.8 -1.54126 -26.9938 -54.8165
92 5.81759e+008 3.39197e+008 -16060.4 -42.2926 23.4405 -364.109
93 5.82599e+008 3.39195e+008 -43207.1 62.3693 -2.11032 -120.404
2011 5.82215e+008 3.39226e+008 94800.5 -16.9951 -0.591724 38.6432
2118 5.82145e+008 3.38708e+008 73823.8 -0.220659 -22.7359 -47.9826
92 5.81759e+008 3.39197e+008 -16365.4 -35.5414 20.0491 -304.919
93 5.82599e+008 3.39195e+008 -43301.3 48.2989 -1.61326 -94.1808
2011 5.82215e+008 3.39226e+008 94831.5 -13.3452 -0.349321 31.0225
2118 5.82145e+008 3.38708e+008 73782.2 0.667903 -19.0544 -41.6513
92 5.81759e+008 3.39197e+008 -16619.4 -29.7206 17.0505 -254.075
93 5.82599e+008 3.39195e+008 -43374.4 37.1023 -1.22119 -73.1554
2011 5.82215e+008 3.39226e+008 94856.3 -10.4156 -0.173426 24.7883
2118 5.82145e+008 3.38708e+008 73746.3 1.2346 -15.8922 -35.8844
92 5.81759e+008 3.39197e+008 -16830.1 -24.7328 14.4208 -210.674
93 5.826e+008 3.39195e+008 -43430.8 28.245 -0.913979 -56.3894
2011 5.82215e+008 3.39226e+008 94876 -8.07474 -0.0490299 19.7086
2118 5.82145e+008 3.38708e+008 73715.6 1.56523 -13.1929 -30.7046
92 5.81759e+008 3.39198e+008 -17004 -20.484 12.1327 -173.846
93 5.826e+008 3.39195e+008 -43473.9 21.2814 -0.67487 -43.0955
2011 5.82215e+008 3.39226e+008 94891.6 -6.21345 0.0364805 15.5869
2118 5.82145e+008 3.38708e+008 73689.5 1.72621 -10.9019 -26.1068
92 5.81759e+008 3.39198e+008 -17146.7 -16.8848 10.1552 -142.772
93 5.826e+008 3.39195e+008 -43506.5 15.8424 -0.490347 -32.6167
2011 5.82215e+008 3.39226e+008 94903.8 -4.74127 0.0921464 12.2572
2118 5.82145e+008 3.38708e+008 73667.4 1.76782 -8.96795 -22.0663
92 5.81758e+008 3.39198e+008 -17263.4 -13.8525 8.45785 -116.695
93 5.826e+008 3.39195e+008 -43530.9 11.6242 -0.348964 -24.409
2011 5.82215e+008 3.39226e+008 94913.4 -3.58314 0.126069 9.5791
2118 5.82145e+008 3.38708e+008 73648.9 1.72852 -7.3438 -18.5474
92 5.81758e+008 3.39198e+008 -17358.3 -11.3111 7.00972 -94.9258
93 5.826e+008 3.39195e+008 -43549 8.3784 -0.241845 -18.0239
2011 5.82215e+008 3.39226e+008 94920.8 -2.67775 0.143861 7.43604
2118 5.82145e+008 3.38708e+008 73633.4 1.63655 -5.98634 -15.5062
92 5.81758e+008 3.39198e+008 -17435.2 -9.19216 5.78179 -76.8449
93 5.826e+008 3.39195e+008 -43562.1 5.90244 -0.161353 -13.0936
2011 5.82215e+008 3.39226e+008 94926.6 -1.97446 0.150493 5.72909
2118 5.82145e+008 3.38708e+008 73620.5 1.51326 -4.85744 -12.8976
92 5.81758e+008 3.39198e+008 -17497.1 -7.43411 4.74614 -61.9017
93 5.826e+008 3.39195e+008 -43571.4 4.03248 -0.10184 -9.31816
2011 5.82215e+008 3.39226e+008 94931 -1.43209 0.149086 4.37678
2118 5.82145e+008 3.38708e+008 73609.8 1.37373 -3.92311 -10.6747
92 5.81758e+008 3.39198e+008 -17546.7 -5.98256 3.87744 -49.6117
93 5.826e+008 3.39195e+008 -43577.8 2.63647 -0.0584313 -6.45417
2011 5.82215e+008 3.39226e+008 94934.3 -1.01753 0.142504 3.31221
2118 5.82145e+008 3.38708e+008 73601 1.22838 -3.15285 -8.7908
92 5.81758e+008 3.39198e+008 -17586.3 -4.79004 3.15272 -39.5532
93 5.826e+008 3.39195e+008 -43582.1 1.60863 -0.0273038 -4.30518
2011 5.82215e+008 3.39226e+008 94936.7 -0.703171 0.132791 2.47793
2118 5.82145e+008 3.38708e+008 73593.8 1.08526 -2.52159 -7.20593
92 5.81758e+008 3.39198e+008 -17617.6 -3.81483 2.55106 -31.3601
93 5.826e+008 3.39195e+008 -43584.9 0.86458 -0.00568379 -2.71331
2011 5.82215e+008 3.39226e+008 94938.6 -0.467811 0.121292 1.83007
2118 5.82145e+008 3.38708e+008 73587.9 0.948457 -2.00578 -5.877
92 5.81758e+008 3.39198e+008 -17642.3 -3.02134 2.05402 -24.7194
93 5.826e+008 3.39195e+008 -43586.4 0.33737 0.00897728 -1.55208
2011 5.82215e+008 3.39226e+008 94939.9 -0.293521 0.109024 1.32927
2118 5.82145e+008 3.38708e+008 73583.2 0.821577 -1.58702 -4.77135
92 5.81758e+008 3.39198e+008 -17661.7 -2.37872 1.64535 -19.3632
93 5.826e+008 3.39195e+008 -43587.1 -0.0255523 0.0182234 -0.721655
2011 5.82215e+008 3.39226e+008 94940.8 -0.16671 0.096595 0.946515
2118 5.82145e+008 3.38708e+008 73579.3 0.705716 -1.24811 -3.85379
92 5.81758e+008 3.39198e+008 -17676.8 -1.86099 1.31111 -15.0653
93 5.826e+008 3.39195e+008 -43587.3 -0.265632 0.023826 -0.142341
2011 5.82215e+008 3.39226e+008 94941.5 -0.0759954 0.0847778 0.6554
2118 5.82145e+008 3.38708e+008 73576.2 0.601952 -0.975555 -3.09818
92 5.81758e+008 3.39198e+008 -17688.4 -1.44587 1.03901 -11.6342
93 5.826e+008 3.39195e+008 -43587 -0.414796 0.0265053 0.247592
2011 5.82215e+008 3.39226e+008 94941.9 -0.0129955 0.0736673 0.437743
2118 5.82145e+008 3.38708e+008 73573.7 0.509835 -0.756997 -2.47676
92 5.81758e+008 3.39198e+008 -17697.3 -1.11488 0.818562 -8.91029
93 5.826e+008 3.39195e+008 -43586.5 -0.49806 0.0273725 0.497331
2011 5.82215e+008 3.39226e+008 94942.2 0.0293871 0.0635059 0.276078
2118 5.82145e+008 3.38708e+008 73571.8 0.429294 -0.583121 -1.97033
92 5.81758e+008 3.39198e+008 -17704.1 -0.852351 0.640656 -6.76029
93 5.826e+008 3.39195e+008 -43585.9 -0.534218 0.0267753 0.644031
2011 5.82215e+008 3.39226e+008 94942.4 0.0563362 0.0541274 0.1584
2118 5.82145e+008 3.38708e+008 73570.2 0.359221 -0.445225 -1.55791
92 5.81758e+008 3.39198e+008 -17709.1 -0.645417 0.498211 -5.07369
93 5.826e+008 3.39195e+008 -43585.2 -0.537758 0.0254792 0.716742
2011 5.82215e+008 3.39226e+008 94942.5 0.0721425 0.0460655 0.0739783
2118 5.82145e+008 3.38708e+008 73569 0.299061 -0.336664 -1.22486
92 5.81758e+008 3.39198e+008 -17712.9 -0.483278 0.384357 -3.75945
93 5.826e+008 3.39195e+008 -43584.4 -0.519536 0.0235279 0.737657
2011 5.82215e+008 3.39226e+008 94942.5 0.0799223 0.0387318 0.0149588
2118 5.82145e+008 3.38708e+008 73568 0.247683 -0.25185 -0.956956
92 5.81758e+008 3.39198e+008 -17715.6 -0.357084 0.294224 -2.7426
93 5.826e+008 3.39195e+008 -43583.7 -0.487555 0.0214199 0.723278
2011 5.82215e+008 3.39226e+008 94942.4 0.0819597 0.0326004 -0.0245703
2118 5.82145e+008 3.38708e+008 73567.3 0.204019 -0.185667 -0.742015
92 5.81758e+008 3.39198e+008 -17717.6 -0.259601 0.222946 -1.96238
93 5.826e+008 3.39195e+008 -43583 -0.447672 0.0191515 0.686131
2011 5.82215e+008 3.39226e+008 94942.4 0.0801607 0.0271183 -0.0499158
2118 5.82145e+008 3.38708e+008 73566.7 0.167204 -0.134693 -0.571049
92 5.81758e+008 3.39198e+008 -17719 -0.184922 0.167239 -1.36897
93 5.826e+008 3.39195e+008 -43582.4 -0.404005 0.0169515 0.635074
2011 5.82215e+008 3.39226e+008 94942.3 0.0758804 0.0225899 -0.0646642
2118 5.82145e+008 3.38708e+008 73566.3 0.136362 -0.0956049 -0.435472
92 5.81758e+008 3.39198e+008 -17719.9 -0.128246 0.123647 -0.922603
93 5.826e+008 3.39195e+008 -43581.8 -0.359575 0.0147952 0.576983
2011 5.82215e+008 3.39226e+008 94942.3 0.070143 0.0185325 -0.0721478
2118 5.82145e+008 3.38708e+008 73565.9 0.110656 -0.0660991 -0.329019
92 5.81758e+008 3.39198e+008 -17720.5 -0.0857309 0.0901127 -0.590886
93 5.826e+008 3.39195e+008 -43581.3 -0.316258 0.0128504 0.516179
2011 5.82215e+008 3.39226e+008 94942.2 0.0637373 0.0152815 -0.0745751
2118 5.82145e+008 3.38708e+008 73565.7 0.0894166 -0.0439763 -0.245764
92 5.81758e+008 3.39198e+008 -17720.8 -0.0541731 0.0642189 -0.347927
93 5.826e+008 3.39195e+008 -43580.8 -0.275408 0.0109536 0.456117
2011 5.82215e+008 3.39226e+008 94942.1 0.0569496 0.0123366 -0.0730044
2118 5.82145e+008 3.38708e+008 73565.5 0.0717926 -0.0275753 -0.180797
92 5.81758e+008 3.39198e+008 -17721 -0.0311659 0.0447985 -0.173237
93 5.826e+008 3.39195e+008 -43580.4 -0.237739 0.00943576 0.398746
2011 5.82215e+008 3.39226e+008 94942 0.0502736 0.0101889 -0.0692882
2118 5.82145e+008 3.38708e+008 73565.4 0.0573834 -0.0155418 -0.130876
92 5.81758e+008 3.39198e+008 -17721.1 -0.0146804 0.0300683 -0.0505607
93 5.826e+008 3.39195e+008 -43580.1 -0.203606 0.00796097 0.345357
2011 5.82215e+008 3.39226e+008 94942 0.0439224 0.00821486 -0.0640837
2118 5.82145e+008 3.38708e+008 73565.3 0.0456242 -0.00704969 -0.092692
92 5.81758e+008 3.39198e+008 -17721 -0.00317018 0.0191538 0.032851
93 5.826e+008 3.39195e+008 -43579.8 -0.173172 0.0067134 0.296743
2011 5.82215e+008 3.39226e+008 94941.9 0.0380171 0.00662294 -0.0582091
2118 5.82145e+008 3.38708e+008 73565.2 0.0360658 -0.00111988 -0.0638433
92 5.81758e+008 3.39198e+008 -17720.9 0.00458332 0.0110152 0.0868291
93 5.826e+008 3.39195e+008 -43579.5 -0.14632 0.00556923 0.25311
2011 5.82215e+008 3.39226e+008 94941.9 0.0326868 0.00514832 -0.052283
2118 5.82145e+008 3.38708e+008 73565.2 0.0283431 0.00276274 -0.0423662
92 5.81758e+008 3.39198e+008 -17720.8 0.00956979 0.00550454 0.119546
93 5.826e+008 3.39195e+008 -43579.3 -0.12285 0.00471553 0.214287
2011 5.82215e+008 3.39226e+008 94941.8 0.0278088 0.00432216 -0.0459951
2118 5.82145e+008 3.38708e+008 73565.2 0.0220541 0.00554812 -0.0258636
92 5.81758e+008 3.39198e+008 -17720.7 0.012518 0.00141192 0.136666
93 5.826e+008 3.39195e+008 -43579.1 -0.102604 0.00385928 0.180461
2011 5.82215e+008 3.39226e+008 94941.8 0.0235383 0.00333144 -0.040151
2118 5.82145e+008 3.38708e+008 73565.1 0.0171311 0.00687677 -0.0145964
92 5.81758e+008 3.39198e+008 -17720.5 0.0139548 -0.0013986 0.142598
93 5.826e+008 3.39195e+008 -43579 -0.0852253 0.00317033 0.151075
2011 5.82215e+008 3.39226e+008 94941.7 0.0199337 0.00253325 -0.0352337
2118 5.82145e+008 3.38708e+008 73565.1 0.0132666 0.0074008 -0.00677632
92 5.81758e+008 3.39198e+008 -17720.4 0.0144571 -0.003042 0.141394
93 5.826e+008 3.39195e+008 -43578.9 -0.0703948 0.00260391 0.125663
2011 5.82215e+008 3.39226e+008 94941.7 0.0165013 0.0020961 -0.0296711
2118 5.82145e+008 3.38708e+008 73565.1 0.00989936 0.00801097 9.85163e-005
92 5.81758e+008 3.39198e+008 -17720.3 0.01413 -0.00419581 0.134785
93 5.826e+008 3.39195e+008 -43578.8 -0.0578892 0.00213956 0.104155
2011 5.82215e+008 3.39226e+008 94941.7 0.0139069 0.00151547 -0.0259782
2118 5.82145e+008 3.38708e+008 73565.1 0.00768583 0.00739094 0.00259469
92 5.81758e+008 3.39198e+008 -17720.1 0.0134634 -0.0045686 0.125655
93 5.826e+008 3.39195e+008 -43578.7 -0.0472997 0.00172159 0.0856017
2011 5.82215e+008 3.39226e+008 94941.7 0.0114056 0.00131596 -0.0214813
2118 5.82145e+008 3.38708e+008 73565.1 0.0055862 0.00733805 0.00616894
92 5.81758e+008 3.39198e+008 -17720 0.0124693 -0.00482752 0.114584
93 5.826e+008 3.39195e+008 -43578.6 -0.0385735 0.00141611 0.0703702
2011 5.82215e+008 3.39226e+008 94941.6 0.00939342 0.000950866 -0.0182139
2118 5.82145e+008 3.38708e+008 73565.2 0.00417171 0.00661857 0.00684839
92 5.81758e+008 3.39198e+008 -17719.9 0.0113284 -0.00480251 0.102835
93 5.826e+008 3.39195e+008 -43578.5 -0.0312039 0.00110229 0.0573089
2011 5.82215e+008 3.39226e+008 94941.6 0.00773637 0.000668151 -0.0153229
2118 5.82145e+008 3.38708e+008 73565.2 0.00301529 0.00598313 0.00765313
92 5.81758e+008 3.39198e+008 -17719.8 0.01014 -0.00451343 0.0911355
93 5.826e+008 3.39195e+008 -43578.5 -0.0251585 0.000912258 0.0465193
2011 5.82215e+008 3.39226e+008 94941.6 0.00631141 0.000568608 -0.0127772
2118 5.82145e+008 3.38708e+008 73565.2 0.00213336 0.00539359 0.00783022
92 5.81758e+008 3.39198e+008 -17719.8 0.0089855 -0.00427068 0.079876
93 5.826e+008 3.39195e+008 -43578.5 -0.0201754 0.000688543 0.0375968
2011 5.82215e+008 3.39226e+008 94941.6 0.00506049 0.0003438 -0.0104204
2118 5.82145e+008 3.38708e+008 73565.2 0.00139549 0.0048167 0.00782419
92 5.81758e+008 3.39198e+008 -17719.7 0.00783921 -0.00381889 0.0693105
93 5.826e+008 3.39195e+008 -43578.4 -0.0160648 0.000585212 0.0301487
2011 5.82215e+008 3.39226e+008 94941.6 0.00411443 0.000313834 -0.00867154
2118 5.82145e+008 3.38708e+008 73565.2 0.000956276 0.0041742 0.00719328
92 5.81758e+008 3.39198e+008 -17719.6 0.00681372 -0.00343125 0.0597343
93 5.826e+008 3.39195e+008 -43578.4 -0.012727 0.000431593 0.024063
2011 5.82215e+008 3.39226e+008 94941.6 0.00324987 0.00021131 -0.00688699
2118 5.82145e+008 3.38708e+008 73565.2 0.000538968 0.00367396 0.00687834
92 5.81758e+008 3.39198e+008 -17719.6 0.00582242 -0.00312798 0.0508392
93 5.826e+008 3.39195e+008 -43578.4 -0.0100478 0.000343346 0.0191963
2011 5.82215e+008 3.39226e+008 94941.6 0.00268795 6.48842e-005 -0.00602437
2118 5.82145e+008 3.38708e+008 73565.2 0.000364959 0.00297629 0.00569349
92 5.81758e+008 3.39198e+008 -17719.5 0.00497378 -0.00271621 0.0431316
93 5.826e+008 3.39195e+008 -43578.4 -0.00783002 0.000233371 0.0150564
2011 5.82215e+008 3.39226e+008 94941.6 0.00212046 4.3191e-005 -0.00476674
2118 5.82145e+008 3.38708e+008 73565.2 0.000105597 0.00264718 0.00553802
92 5.81758e+008 3.39198e+008 -17719.5 0.00419445 -0.0022186 0.03639
93 5.826e+008 3.39195e+008 -43578.4 -0.0061228 0.000248451 0.0118676
2011 5.82215e+008 3.39226e+008 94941.6 0.00171927 0.000159752 -0.00397671
2118 5.82145e+008 3.38708e+008 73565.2 7.42363e-005 0.00217817 0.00450213
92 5.81758e+008 3.39198e+008 -17719.5 0.00357008 -0.00199012 0.0305944
93 5.826e+008 3.39195e+008 -43578.4 -0.00475348 0.000134395 0.00931126
2011 5.82215e+008 3.39226e+008 94941.6 0.00126897 3.14234e-005 -0.00291422
2118 5.82145e+008 3.38708e+008 73565.2 -0.000120357 0.00192153 0.00430916
92 5.81758e+008 3.39198e+008 -17719.4 0.00297511 -0.00175984 0.025395
93 5.826e+008 3.39195e+008 -43578.3 -0.00364923 0.00012058 0.00726566
2011 5.82215e+008 3.39226e+008 94941.6 0.00100578 -3.5594e-005 -0.00248801
2118 5.82145e+008 3.38708e+008 73565.2 -0.000154094 0.00156015 0.00349696
92 5.81758e+008 3.39198e+008 -17719.4 0.00247614 -0.00136535 0.0211304
93 5.826e+008 3.39195e+008 -43578.3 -0.00271844 0.000109622 0.00543734
2011 5.82215e+008 3.39226e+008 94941.6 0.000769618 8.15905e-005 -0.00184365
2118 5.82145e+008 3.38708e+008 73565.2 -0.00019276 0.00138953 0.00327785
92 5.81758e+008 3.39198e+008 -17719.4 0.00203918 -0.00127836 0.0173405
93 5.826e+008 3.39195e+008 -43578.3 -0.00207777 3.64361e-005 0.00426077
2011 5.82215e+008 3.39226e+008 94941.6 0.000650917 -8.69714e-005 -0.00168048
2118 5.82145e+008 3.38708e+008 73565.2 -0.000121192 0.000939559 0.00226909
92 5.81758e+008 3.39198e+008 -17719.4 0.00171363 -0.000940888 0.0144064
93 5.826e+008 3.39195e+008 -43578.3 -0.00152286 5.91389e-005 0.00313089
2011 5.82215e+008 3.39226e+008 94941.6 0.000385373 6.90551e-005 -0.000909359
2118 5.82145e+008 3.38708e+008 73565.2 -0.000261211 0.00104493 0.00262614
92 5.81758e+008 3.39198e+008 -17719.4 0.00137515 -0.000870237 0.0116472
93 5.826e+008 3.39195e+008 -43578.3 -0.00113973 4.46603e-005 0.00243699
2011 5.82215e+008 3.39226e+008 94941.6 0.000378911 -4.17711e-005 -0.00107115
2118 5.82145e+008 3.38708e+008 73565.2 -0.000111963 0.000608037 0.00145784
92 5.81758e+008 3.39198e+008 -17719.4 0.00113625 -0.000751319 0.00945964
93 5.826e+008 3.39195e+008 -43578.3 -0.000786512 -5.66514e-006 0.00171024
2011 5.82215e+008 3.39226e+008 94941.6 0.000256296 -6.35511e-005 -0.00071893
2118 5.82145e+008 3.38708e+008 73565.2 -0.000208463 0.000626206 0.00175018
